0 0.125 0.50546875 0.1015625 0.0671875
0 0.19921875 0.59296875 0.1140625 0.103125
0 0.3 0.81953125 0.0984375 0.10859375
0 0.42578125 0.85078125 0.08828125 0.07265625
0 0.65234375 0.80703125 0.07890625 0.09296875
0 0.86796875 0.7078125 0.134375 0.065625
0 0.753125 0.5953125 0.08984375 0.10703125
0 0.67734375 0.44140625 0.0765625 0.059375
0 0.403125 0.353125 0.0921875 0.08125
0 0.540625 0.43203125 0.1 0.14140625
0 0.42265625 0.6546875 0.05078125 0.11640625
0 0.47890625 0.54609375 0.04921875 0.115625
0 0.4 0.54921875 0.0390625 0.06640625
0 0.421875 0.4734375 0.08359375 0.02578125
0 0.55 0.69609375 0.06796875 0.0640625
0 0.56484375 0.56171875 0.06953125 0.0546875
0 0.8328125 0.16875 0.2375 0.3375