0 0.575 0.559375 0.1078125 0.11015625
0 0.45859375 0.5546875 0.07890625 0.0625
0 0.33828125 0.6484375 0.10859375 0.06640625
0 0.33515625 0.58359375 0.06484375 0.0375
0 0.215625 0.5296875 0.08828125 0.06640625
0 0.2921875 0.4390625 0.0875 0.08515625
0 0.4203125 0.3921875 0.13515625 0.025
0 0.6296875 0.3890625 0.1 0.090625
0 0.7625 0.496875 0.08671875 0.1421875
0 0.77578125 0.6265625 0.08359375 0.07265625
0 0.76953125 0.74296875 0.12578125 0.06875
0 0.53671875 0.765625 0.09296875 0.07109375
0 0.56796875 0.6671875 0.10625 0.0546875
0 0.39609375 0.734375 0.0828125 0.096875
0 0.21875 0.690625 0.10390625 0.10078125
0 0.46640625 0.66640625 0.06171875 0.103125
0 0.36171875 0.28828125 0.11875 0.05
0 0.6390625 0.24375 0.08984375 0.06171875
0 0.775 0.31953125 0.0953125 0.0765625