1 0.3703125 0.3953125 0.14296875 0.20625
1 0.43359375 0.59765625 0.16875 0.16484375
1 0.5984375 0.43828125 0.14765625 0.17109375
1 0.7015625 0.6546875 0.09296875 0.17265625
1 0.7515625 0.11875 0.07421875 0.146875
2 0.059375 0.31484375 0.09765625 0.29921875
2 0.17890625 0.3890625 0.0984375 0.26484375
2 0.31484375 0.1984375 0.14453125 0.16875
2 0.16328125 0.796875 0.171875 0.21953125
2 0.4515625 0.84453125 0.18984375 0.209375
2 0.63828125 0.7421875 0.096875 0.2796875
2 0.775 0.93984375 0.109375 0.1203125
2 0.9203125 0.9421875 0.1015625 0.09609375