1 0.40703125 0.25546875 0.2484375 0.309375
1 0.390625 0.59453125 0.22734375 0.3421875
1 0.21875 0.37109375 0.17578125 0.2625
1 0.07890625 0.27890625 0.1484375 0.3140625
1 0.15703125 0.65859375 0.16796875 0.36171875
1 0.52890625 0.84375 0.23359375 0.3125
1 0.7828125 0.7796875 0.22578125 0.40234375
1 0.596875 0.54921875 0.22578125 0.33359375
1 0.86328125 0.475 0.23203125 0.271875
1 0.6453125 0.2625 0.21640625 0.27734375
1 0.1890625 0.94140625 0.146875 0.1171875
1 0.284375 0.065625 0.2078125 0.1296875
1 0.58125 0.06015625 0.19453125 0.1046875
1 0.853125 0.22734375 0.18046875 0.16640625