1 0.09453125 0.30234375 0.15390625 0.25234375
1 0.31796875 0.30078125 0.1125 0.1515625
1 0.525 0.39375 0.115625 0.246875
1 0.49609375 0.14140625 0.1078125 0.1625
1 0.6078125 0.23828125 0.1546875 0.184375
1 0.69296875 0.46171875 0.1515625 0.19921875
1 0.79921875 0.140625 0.134375 0.16484375
1 0.64609375 0.11640625 0.12890625 0.14140625
1 0.93984375 0.36953125 0.11953125 0.25859375
0 0.23515625 0.49609375 0.08125 0.10078125
0 0.5953125 0.709375 0.0671875 0.078125
2 0.80234375 0.30859375 0.17578125 0.20546875
2 0.19375 0.1875 0.07890625 0.16015625
2 0.28125 0.15625 0.06484375 0.17421875
2 0.36796875 0.12578125 0.0578125 0.18671875
2 0.75859375 0.64296875 0.0875 0.159375
2 0.82265625 0.58984375 0.08515625 0.08203125
2 0.85859375 0.82265625 0.04296875 0.21015625
2 0.89140625 0.71796875 0.05546875 0.1328125
2 0.96171875 0.66640625 0.0765625 0.1578125
2 0.8859375 0.51640625 0.0859375 0.1109375
1 0.3546875 0.5953125 0.0890625 0.234375